(0.5209600925445557, 3, 0, -129)
(0.557030200958252, 0, 0, 0)
(0.6083309650421143, 3, 0, -643)
(0.6493997573852539, 0, 0, 0)
(0.6903600692749023, 3, 0, -1414)
(0.7364039421081543, 0, 0, 0)
(0.7723338603973389, 3, 0, -2699)
(0.8082766532897949, 0, 0, 0)
(0.8492352962493896, 3, 0, -4241)
(0.8851790428161621, 0, 0, 0)
(0.9212245941162109, 3, 0, -6297)
(0.9622118473052979, 0, 0, 0)
(1.0032174587249756, 3, 0, -8867)
(1.0493488311767578, 0, 0, 0)
(1.085376501083374, 3, 0, -12208)
(1.1315252780914307, 0, 0, 0)
(1.1674089431762695, 3, 0, -16063)
(1.2185769081115723, 0, 0, 0)
(1.2546229362487793, 3, 0, -19661)
(1.2956788539886475, 0, 0, 0)
(1.331719160079956, 3, 0, -23002)
(1.3728172779083252, 0, 0, 0)
(1.4138877391815186, 3, 0, -25829)
(1.449779748916626, 0, 0, 0)
(1.4958410263061523, 3, 0, -28399)
(1.5318207740783691, 0, 0, 0)
(1.5679025650024414, 3, 0, -30455)
(1.603785514831543, 0, 0, 0)
(1.640155553817749, 3, 0, -31997)
(1.6812574863433838, 0, 0, 0)
(1.7171833515167236, 3, 0, -32768)
(1.753183126449585, 0, 0, 0)
(1.7940661907196045, 3, 0, -30455)
(1.8352315425872803, 0, 0, 0)
(1.8711585998535156, 3, 0, -28913)
(1.907186508178711, 0, 0, 0)
(1.9430887699127197, 3, 0, -26857)
(1.984069585800171, 0, 0, 0)
(2.0301144123077393, 3, 0, -24544)
(2.0660736560821533, 0, 0, 0)
(2.112210273742676, 3, 0, -21717)
(2.1582796573638916, 0, 0, 0)
(2.199305772781372, 3, 0, -18633)
(2.2453224658966064, 0, 0, 0)
(2.2916171550750732, 3, 0, -15035)
(2.3328278064727783, 0, 0, 0)
(2.373872995376587, 3, 0, -11694)
(2.409795045852661, 0, 0, 0)
(2.450737714767456, 3, 0, -8867)
(2.4917657375335693, 0, 0, 0)
(2.5276522636413574, 3, 0, -6297)
(2.563847780227661, 0, 0, 0)
(2.6052112579345703, 3, 0, -4241)
(2.651270627975464, 0, 0, 0)
(2.6872315406799316, 3, 0, -2185)
(2.7235920429229736, 0, 0, 0)
(2.764801263809204, 3, 0, -900)
(2.805896759033203, 0, 0, 0)
(2.846925735473633, 3, 0, 128)
(2.882887601852417, 0, 0, 0)
(2.9138617515563965, 3, 0, 642)
(2.9141030311584473, 0, 0, 0)
(2.9142932891845703, 3, 0, 1927)
(2.9144809246063232, 0, 0, 0)
(2.9146652221679688, 3, 0, 3469)
(2.914848566055298, 0, 0, 0)
(2.9150454998016357, 3, 0, 5525)
(2.940875768661499, 0, 0, 0)
(2.9818646907806396, 3, 0, 8095)
(3.022843599319458, 0, 0, 0)
(3.058746576309204, 3, 0, 10922)
(3.094717025756836, 0, 0, 0)
(3.130618095397949, 3, 0, 14006)
(3.1717355251312256, 0, 0, 0)
(3.217841863632202, 3, 0, 17347)
(3.2538273334503174, 0, 0, 0)
(3.2897562980651855, 3, 0, 20688)
(3.330735445022583, 0, 0, 0)
(3.3721001148223877, 3, 0, 23772)
(3.418081045150757, 0, 0, 0)
(3.4590718746185303, 3, 0, 26085)
(3.5051424503326416, 0, 0, 0)
(3.546128034591675, 3, 0, 28141)
(3.5821475982666016, 0, 0, 0)
(3.6180851459503174, 3, 0, 29940)
(3.6592297554016113, 0, 0, 0)
(3.7003421783447266, 3, 0, 30968)
(3.741426944732666, 0, 0, 0)
(3.777407646179199, 3, 0, 31996)
(3.818434953689575, 0, 0, 0)
(3.854398727416992, 3, 0, 32510)
(3.8953263759613037, 0, 0, 0)
(3.9415652751922607, 3, 0, 32767)
(3.9774584770202637, 0, 0, 0)
(4.013366937637329, 3, 0, 30711)
(4.054370403289795, 0, 0, 0)
(4.090302228927612, 3, 0, 30454)
(4.1363372802734375, 0, 0, 0)
(4.177372455596924, 3, 0, 30197)
(4.218420743942261, 0, 0, 0)
(4.254372835159302, 3, 0, 29426)
(4.300426244735718, 0, 0, 0)
(4.341369867324829, 3, 0, 28398)
(4.377239942550659, 0, 0, 0)
(4.418191909790039, 3, 0, 26856)
(4.4540698528289795, 0, 0, 0)
(4.500190496444702, 3, 0, 24029)
(4.5360846519470215, 0, 0, 0)
(4.5822906494140625, 3, 0, 20174)
(4.618168592453003, 0, 0, 0)
(4.654118537902832, 3, 0, 16319)
(4.6900389194488525, 0, 0, 0)
(4.725940465927124, 3, 0, 12721)
(4.761847019195557, 0, 0, 0)
(4.802925109863281, 3, 0, 9123)
(4.849016189575195, 0, 0, 0)
(4.884925842285156, 3, 0, 6039)
(4.920926332473755, 0, 0, 0)
(4.961979150772095, 3, 0, 3212)
(4.997838735580444, 0, 0, 0)
(5.033798456192017, 3, 0, 899)
(5.069784641265869, 0, 0, 0)
(5.115962743759155, 3, 0, 128)
(5.151796102523804, 0, 0, 0)
(5.192737340927124, 0, 3, 0)
(5.228543758392334, 0, 0, 0)
(5.269709825515747, 3, 0, 32510)
(5.315856218338013, 0, 0, 0)
(5.351722002029419, 3, 1, 5782)
(5.39776349067688, 0, 0, 0)
(5.433633804321289, 3, 0, 32767)
(5.469613552093506, 0, 0, 0)
(5.510673522949219, 3, 1, 4497)
(5.551710605621338, 0, 0, 0)
(5.587590456008911, 3, 1, 3212)
(5.628652095794678, 0, 0, 0)
(5.664579629898071, 3, 1, 2184)
(5.710792779922485, 0, 0, 0)
(5.746707439422607, 3, 1, 1413)
(5.782752513885498, 0, 0, 0)
(5.8237831592559814, 1, 307, 1)
(5.8596649169921875, 0, 0, 0)
(5.900677680969238, 3, 1, 899)
(5.951884031295776, 0, 0, 0)
(5.992856025695801, 3, 1, 385)
(6.033836603164673, 0, 0, 0)
(6.069702386856079, 3, 1, 128)
(6.110864877700806, 0, 0, 0)
(6.151906251907349, 3, 1, -129)
(6.187892198562622, 0, 0, 0)
(6.233949899673462, 3, 0, 28398)
(6.269871234893799, 0, 0, 0)
(6.310918092727661, 3, 0, 23258)
(6.346874237060547, 0, 0, 0)
(6.388082981109619, 3, 0, 19403)
(6.434070587158203, 0, 0, 0)
(6.470180988311768, 3, 0, 15291)
(6.511236667633057, 0, 0, 0)
(6.547075271606445, 3, 0, 11436)
(6.583065032958984, 0, 0, 0)
(6.63429594039917, 3, 0, 7324)
(6.670364141464233, 0, 0, 0)
(6.706401109695435, 3, 0, 3212)
(6.742354393005371, 0, 0, 0)
(6.788450717926025, 3, 0, -643)
(6.824315786361694, 0, 0, 0)
(6.870687484741211, 1, 307, 0)
(6.911658525466919, 0, 0, 0)
(6.954798460006714, 0, 3, 0)
(6.990684986114502, 3, 1, -5783)
(7.026569843292236, 0, 0, 0)
(7.067589998245239, 3, 0, 13749)
(7.103424310684204, 0, 0, 0)
(7.139366865158081, 3, 1, -3727)
(7.175180435180664, 0, 0, 0)
(7.211082458496094, 3, 0, 9637)
(7.252012491226196, 0, 0, 0)
(7.29311990737915, 3, 1, -1928)
(7.329074859619141, 0, 0, 0)
(7.365077257156372, 3, 0, 5525)
(7.400952339172363, 3, 1, -900)
(7.441893100738525, 0, 0, 0)
(7.477891683578491, 3, 0, 1413)
(7.518853664398193, 0, 0, 0)
(7.559936761856079, 3, 1, -129)
(7.601062774658203, 0, 0, 0)
(7.642091751098633, 3, 0, -1157)
(7.683153867721558, 0, 0, 0)
(7.724550247192383, 1, 305, 1)
(7.7706217765808105, 0, 0, 0)
(7.806556940078735, 1, 305, 0)
(7.842480421066284, 0, 0, 0)
(7.8885486125946045, 3, 0, 1156)
(7.92472505569458, 0, 0, 0)
(7.960580825805664, 3, 0, 2698)
(8.001603126525879, 0, 0, 0)
(8.037540912628174, 3, 0, 4754)
(8.073418140411377, 0, 0, 0)
(8.109250545501709, 3, 0, 7324)
(8.145216226577759, 0, 0, 0)
(8.191391229629517, 3, 0, 10665)
(8.232347965240479, 0, 0, 0)
(8.268320560455322, 3, 0, 14777)
(8.304208040237427, 0, 0, 0)
(8.340121269226074, 3, 0, 18889)
(8.386324167251587, 0, 0, 0)
(8.422226667404175, 3, 0, 22744)
(8.468339204788208, 0, 0, 0)
(8.50935697555542, 3, 0, 25828)
(8.555492639541626, 0, 0, 0)
(8.601670980453491, 3, 0, 28398)
(8.63762640953064, 0, 0, 0)
(8.678626775741577, 3, 0, 30454)
(8.71459436416626, 0, 0, 0)
(8.76083254814148, 3, 0, 31996)
(8.796749114990234, 0, 0, 0)
(8.837780475616455, 3, 0, 32767)
(8.878831386566162, 0, 0, 0)
(8.919892311096191, 1, 305, 1)
(8.955907583236694, 0, 0, 0)
(8.99174427986145, 3, 0, 29169)
(9.048100709915161, 0, 0, 0)
(9.089058637619019, 3, 0, 26342)
(9.125020503997803, 0, 0, 0)
(9.166118144989014, 3, 0, 22230)
(9.202000379562378, 0, 0, 0)
(9.248063564300537, 3, 0, 18118)
(9.289103507995605, 0, 0, 0)
(9.330115795135498, 3, 0, 14006)
(9.366132974624634, 0, 0, 0)
(9.402060508728027, 3, 0, 9894)
(9.438064336776733, 0, 0, 0)
(9.474460363388062, 3, 0, 6039)
(9.51572847366333, 0, 0, 0)
(9.551620721817017, 3, 0, 3212)
(9.587541580200195, 0, 0, 0)
(9.623446941375732, 1, 305, 0)
(9.659440517425537, 3, 0, 1156)
(9.695286512374878, 0, 0, 0)
(9.736319303512573, 3, 0, 128)
(9.772310733795166, 0, 0, 0)
(9.818483591079712, 3, 0, -386)
(9.85952115058899, 0, 0, 0)
(9.900573492050171, 3, 1, -3213)
(9.941657066345215, 0, 0, 0)
(9.982716798782349, 3, 0, -1157)
(10.018757581710815, 0, 0, 0)
(10.054667472839355, 3, 1, -6040)
(10.100718975067139, 0, 0, 0)
(10.13661789894104, 3, 0, -2699)
(10.18275761604309, 0, 0, 0)
(10.218660354614258, 3, 1, -9381)
(10.254497766494751, 0, 0, 0)
(10.300714254379272, 3, 0, -5012)
(10.336658477783203, 0, 0, 0)
(10.382810115814209, 3, 1, -13493)
(10.42380428314209, 0, 0, 0)
(10.464757919311523, 3, 0, -7582)
(10.50065279006958, 0, 0, 0)
(10.536473035812378, 3, 1, -17605)
(10.58262586593628, 0, 0, 0)
(10.61846399307251, 3, 0, -10666)
(10.654426336288452, 0, 0, 0)
(10.69033408164978, 3, 1, -21717)
(10.731377124786377, 0, 0, 0)
(10.767392635345459, 3, 0, -13493)
(10.808409929275513, 0, 0, 0)
(10.84946346282959, 3, 1, -25315)
(10.895590543746948, 0, 0, 0)
(10.93663477897644, 3, 0, -16577)
(10.972570180892944, 0, 0, 0)
(11.008588790893555, 3, 1, -28399)
(11.04959511756897, 0, 0, 0)
(11.085507869720459, 3, 0, -19147)
(11.131766557693481, 0, 0, 0)
(11.167729139328003, 3, 1, -30712)
(11.198558330535889, 0, 0, 0)
(11.234440326690674, 3, 0, -21203)
(11.275439023971558, 0, 0, 0)
(11.316544532775879, 3, 1, -31997)
(11.352427005767822, 0, 0, 0)
(11.388261795043945, 3, 0, -22745)
(11.434385776519775, 0, 0, 0)
(11.475386619567871, 3, 1, -32768)
(11.516386032104492, 0, 0, 0)
(11.55734372138977, 3, 0, -23516)
(11.55764389038086, 0, 0, 0)
(11.562952041625977, 3, 0, -23773)
(11.603965282440186, 0, 0, 0)
(11.639906167984009, 3, 0, -24030)
(11.675863265991211, 0, 0, 0)
(11.711811304092407, 3, 0, -24287)
(11.747692584991455, 0, 0, 0)
(11.78368067741394, 3, 0, -24544)
(11.82465672492981, 0, 0, 0)
(11.860532283782959, 3, 0, -24801)
(11.901553392410278, 0, 0, 0)
(11.942615509033203, 3, 0, -25058)
(11.978532075881958, 0, 0, 0)
(12.019522666931152, 3, 0, -25315)
(12.060526132583618, 0, 0, 0)
(12.101484060287476, 3, 0, -25572)
(12.137409687042236, 0, 0, 0)
(12.178505897521973, 3, 0, -22488)
(12.214383363723755, 0, 0, 0)
(12.250292539596558, 3, 1, -29170)
(12.286140203475952, 0, 0, 0)
(12.327064275741577, 3, 0, -19404)
(12.363003253936768, 3, 1, -24801)
(12.399308204650879, 0, 0, 0)
(12.440261602401733, 3, 0, -16063)
(12.476164817810059, 0, 0, 0)
(12.517089605331421, 3, 1, -20689)
(12.552936792373657, 0, 0, 0)
(12.59397268295288, 3, 0, -12979)
(12.629934310913086, 0, 0, 0)
(12.66582441329956, 3, 1, -16577)
(12.701677799224854, 0, 0, 0)
(12.732579231262207, 3, 0, -9638)
(12.768464803695679, 0, 0, 0)
(12.804396390914917, 3, 1, -12465)
(12.840403079986572, 0, 0, 0)
(12.87637209892273, 3, 0, -6554)
(12.897039890289307, 0, 0, 0)
(12.902402400970459, 3, 1, -8610)
(12.902703285217285, 0, 0, 0)
(12.90289568901062, 3, 0, -3727)
(12.903107404708862, 0, 0, 0)
(12.903332710266113, 3, 1, -4755)
(12.903565168380737, 0, 0, 0)
(12.903794765472412, 3, 0, -1414)
(12.904061794281006, 0, 0, 0)
(12.904290914535522, 3, 1, -1671)
(12.904513835906982, 0, 0, 0)
(12.905388593673706, 3, 0, 128)
(12.905645370483398, 0, 0, 0)
(12.905888795852661, 3, 1, 128)
(12.906114339828491, 0, 0, 0)
(12.90634560585022, 0, 3, 0)
(12.906566619873047, 0, 0, 0)
(12.90685248374939, 3, 1, 32767)
(12.949498653411865, 0, 0, 0)
(12.985485076904297, 3, 0, -2442)
(13.006578922271729, 0, 0, 0)
(13.042473793029785, 3, 0, 1156)
(13.08346152305603, 0, 0, 0)
(13.119264125823975, 3, 0, 5011)
(13.160301446914673, 0, 0, 0)
(13.201290845870972, 3, 0, 8609)
(13.23715615272522, 0, 0, 0)
(13.278177261352539, 3, 1, 29940)
(13.314019203186035, 0, 0, 0)
(13.350086212158203, 3, 0, 12464)
(13.385905504226685, 0, 0, 0)
(13.432286262512207, 3, 1, 27884)
(13.46812915802002, 0, 0, 0)
(13.504006385803223, 3, 0, 16319)
(13.555114030838013, 0, 0, 0)
(13.590927124023438, 3, 1, 25571)
(13.631853580474854, 0, 0, 0)
(13.672893762588501, 3, 0, 20431)
(13.708855628967285, 0, 0, 0)
(13.744714498519897, 3, 1, 22487)
(13.785629987716675, 0, 0, 0)
(13.82151460647583, 3, 0, 24029)
(13.86752200126648, 3, 1, 19146)
(13.903464555740356, 0, 0, 0)
(13.949641227722168, 3, 0, 27113)
(13.985625982284546, 0, 0, 0)
(14.026590824127197, 3, 1, 15548)
(14.067687273025513, 0, 0, 0)
(14.103599309921265, 3, 0, 29169)
(14.14452838897705, 0, 0, 0)
(14.185458898544312, 3, 1, 12207)
(14.221681118011475, 0, 0, 0)
(14.267773389816284, 3, 0, 30711)
(14.30357575416565, 0, 0, 0)
(14.33985185623169, 3, 1, 9123)
(14.375691890716553, 0, 0, 0)
(14.421833515167236, 3, 0, 31996)
(14.467877626419067, 0, 0, 0)
(14.503745555877686, 3, 1, 6553)
(14.549895763397217, 0, 0, 0)
(14.585883140563965, 3, 0, 32253)
(14.627047061920166, 0, 0, 0)
(14.668011903762817, 3, 1, 4497)
(14.703993320465088, 0, 0, 0)
(14.744993925094604, 3, 0, 32510)
(14.780961751937866, 0, 0, 0)
(14.816969633102417, 3, 1, 2698)
(14.85286831855774, 0, 0, 0)
(14.888816118240356, 3, 0, 32767)
(14.93493103981018, 0, 0, 0)
(14.97590947151184, 1, 307, 1)
(15.011842012405396, 3, 1, 1670)
(15.04777216911316, 0, 0, 0)
(15.088784217834473, 3, 1, 899)
(15.124654054641724, 0, 0, 0)
(15.160677433013916, 3, 1, 385)
(15.196677207946777, 0, 0, 0)
(15.237825155258179, 3, 1, 128)
(15.28401494026184, 0, 0, 0)
(15.325061798095703, 3, 1, -129)
(15.360989093780518, 0, 0, 0)
(15.39689826965332, 3, 0, 26599)
(15.437823295593262, 0, 0, 0)
(15.48393702507019, 3, 0, 22487)
(15.524891138076782, 0, 0, 0)
(15.56584358215332, 3, 0, 18632)
(15.601800680160522, 0, 0, 0)
(15.642833232879639, 3, 0, 14520)
(15.683909893035889, 0, 0, 0)
(15.725109100341797, 3, 0, 10408)
(15.766048431396484, 0, 0, 0)
(15.801975727081299, 3, 0, 6296)
(15.837941646575928, 0, 0, 0)
(15.883951663970947, 3, 0, 2184)
(15.925042390823364, 0, 0, 0)
(15.96094036102295, 3, 0, -386)
(16.001994609832764, 0, 0, 0)
(16.048417806625366, 1, 307, 0)
(16.084337949752808, 0, 0, 0)
(16.120187044143677, 3, 0, 1670)
(16.16112756729126, 0, 0, 0)
(16.202110290527344, 3, 0, 3212)
(16.237993717193604, 0, 0, 0)
(16.289361238479614, 3, 0, 5268)
(16.32528281211853, 0, 0, 0)
(16.371519804000854, 3, 0, 7838)
(16.412660360336304, 0, 0, 0)
(16.453645706176758, 0, 3, 0)
(16.489639282226562, 0, 0, 0)
(16.525482654571533, 1, 305, 0)
(16.566595792770386, 0, 0, 0)
(16.60238742828369, 3, 1, 30711)
(16.63840389251709, 0, 0, 0)
(16.68455481529236, 3, 1, 28655)
(16.73062229156494, 0, 0, 0)
(16.771706581115723, 3, 1, 25571)
(16.812697172164917, 0, 0, 0)
(16.85366463661194, 3, 1, 21716)
(16.899778366088867, 0, 0, 0)
(16.945895195007324, 3, 1, 17604)
(16.986910343170166, 0, 0, 0)
(17.02284073829651, 3, 1, 13492)
(17.063812017440796, 0, 0, 0)
(17.099763870239258, 3, 1, 9637)
(17.140767097473145, 0, 0, 0)
(17.176731824874878, 3, 1, 6039)
(17.21261215209961, 0, 0, 0)
(17.25363516807556, 3, 1, 3212)
(17.289530992507935, 0, 0, 0)
(17.325352907180786, 3, 1, 1413)
(17.36132526397705, 0, 0, 0)
(17.40230131149292, 3, 1, 128)
(17.43822193145752, 0, 0, 0)
(17.484339952468872, 3, 1, -129)
(17.520184755325317, 0, 0, 0)
(17.566233158111572, 3, 0, -386)
(17.607242822647095, 0, 0, 0)
(17.648281812667847, 3, 0, -1157)
(17.689374923706055, 0, 0, 0)
(17.72525978088379, 3, 0, -2442)
(17.76118755340576, 0, 0, 0)
(17.802168607711792, 3, 0, -4241)
(17.838148832321167, 0, 0, 0)
(17.879103660583496, 3, 0, -6297)
(17.91509699821472, 0, 0, 0)
(17.95618486404419, 3, 0, -8867)
(17.99713158607483, 0, 0, 0)
(18.0382022857666, 3, 0, -11951)
(18.084359407424927, 0, 0, 0)
(18.120330810546875, 3, 0, -15549)
(18.16132950782776, 0, 0, 0)
(18.19729256629944, 3, 0, -19404)
(18.233216524124146, 0, 0, 0)
(18.269094228744507, 3, 0, -22745)
(18.31508708000183, 0, 0, 0)
(18.351048946380615, 3, 0, -25572)
(18.386907815933228, 0, 0, 0)
(18.422807216644287, 3, 0, -27885)
(18.468895196914673, 0, 0, 0)
(18.504842281341553, 3, 0, -29941)
(18.550801277160645, 0, 0, 0)
(18.591752290725708, 3, 0, -31483)
(18.627606630325317, 0, 0, 0)
(18.66857933998108, 3, 0, -32511)
(18.704477787017822, 0, 0, 0)
(18.745561361312866, 3, 0, -32768)
(18.791676998138428, 0, 0, 0)
(18.82800817489624, 3, 0, -30455)
(18.86900568008423, 0, 0, 0)
(18.90509796142578, 3, 0, -27885)
(18.95131754875183, 0, 0, 0)
(18.992336988449097, 3, 0, -23773)
(19.028229236602783, 0, 0, 0)
(19.06921124458313, 3, 0, -19661)
(19.105116844177246, 0, 0, 0)
(19.141043186187744, 3, 0, -15549)
(19.176916360855103, 0, 0, 0)
(19.22803044319153, 3, 0, -11437)
(19.263925790786743, 0, 0, 0)
(19.299962282180786, 3, 0, -7582)
(19.33585262298584, 0, 0, 0)
(19.376885890960693, 3, 0, -4241)
(19.42291784286499, 0, 0, 0)
(19.46891713142395, 3, 0, -1671)
(19.504841566085815, 0, 0, 0)
(19.54066228866577, 3, 0, -129)
(19.57667851448059, 0, 0, 0)
(19.61761164665222, 3, 0, 128)
(19.65363311767578, 0, 0, 0)
(19.68980860710144, 3, 1, -386)
(19.72568440437317, 0, 0, 0)
(19.766767501831055, 3, 0, 642)
(19.797608852386475, 0, 0, 0)
(19.838661909103394, 3, 1, -1414)
(19.884666204452515, 0, 0, 0)
(19.935911417007446, 3, 0, 1670)
(19.971784830093384, 0, 0, 0)
(20.017757415771484, 3, 1, -2956)
(20.06896209716797, 0, 0, 0)
(20.104959964752197, 3, 0, 3212)
(20.151137590408325, 0, 0, 0)
(20.187228679656982, 3, 1, -5269)
(20.22822070121765, 0, 0, 0)
(20.269393920898438, 3, 0, 5268)
(20.30531406402588, 0, 0, 0)
(20.351375579833984, 3, 1, -8867)
(20.387308835983276, 0, 0, 0)
(20.428266525268555, 3, 0, 8095)
(20.474478483200073, 0, 0, 0)
(20.51041603088379, 3, 1, -12979)
(20.551530361175537, 0, 0, 0)
(20.58752751350403, 3, 0, 11179)
(20.6285560131073, 0, 0, 0)
(20.66446018218994, 3, 1, -16834)
(20.70044207572937, 0, 0, 0)
(20.741422176361084, 3, 0, 14263)
(20.777397871017456, 3, 1, -20946)
(20.818406343460083, 0, 0, 0)
(20.85430884361267, 3, 0, 17090)
(20.900470733642578, 0, 0, 0)
(20.94148826599121, 3, 1, -24801)
(20.977423429489136, 0, 0, 0)
(21.018410205841064, 3, 0, 19660)
(21.054376363754272, 0, 0, 0)
(21.090688228607178, 3, 1, -27885)
(21.131768703460693, 0, 0, 0)
(21.167795658111572, 3, 0, 21716)
(21.20372438430786, 0, 0, 0)
(21.249921321868896, 3, 1, -30455)
(21.29107403755188, 0, 0, 0)
(21.332104444503784, 3, 0, 23258)
(21.36798596382141, 0, 0, 0)
(21.403969764709473, 3, 1, -31997)
(21.419640064239502, 0, 0, 0)
(21.46570110321045, 3, 0, 24286)
(21.501604557037354, 0, 0, 0)
(21.55288529396057, 3, 1, -32768)
(21.5939724445343, 0, 0, 0)
(21.629918813705444, 3, 0, 24800)
(21.665974617004395, 0, 0, 0)
(21.70180916786194, 3, 0, 25057)
(21.742838859558105, 0, 0, 0)
(21.78897261619568, 0, 3, 0)
(21.82479500770569, 3, 1, 899)
(21.865789651870728, 0, 0, 0)
(21.90163779258728, 3, 0, -8610)
(21.952836751937866, 0, 0, 0)
(22.004047393798828, 3, 1, 1156)
(22.039889574050903, 0, 0, 0)
(22.080946445465088, 3, 0, -11437)
(22.12211012840271, 0, 0, 0)
(22.157994747161865, 3, 1, 1413)
(22.20406937599182, 0, 0, 0)
(22.245185613632202, 3, 0, -14778)
(22.286117553710938, 3, 1, 1670)
(22.327086210250854, 0, 0, 0)
(22.36801815032959, 3, 0, -17862)
(22.40895700454712, 0, 0, 0)
(22.44491195678711, 3, 1, 1927)
(22.490925550460815, 0, 0, 0)
(22.526870250701904, 3, 0, -21203)
(22.567875385284424, 0, 0, 0)
(22.603829383850098, 3, 1, 2184)
(22.649882316589355, 0, 0, 0)
(22.69084620475769, 3, 0, -24287)
(22.726813077926636, 0, 0, 0)
(22.77284526824951, 3, 0, -26857)
(22.80869197845459, 0, 0, 0)
(22.849663019180298, 3, 1, 2441)
(22.88548469543457, 0, 0, 0)
(22.91738247871399, 3, 0, -28913)
(22.963566541671753, 0, 0, 0)
(23.004615783691406, 3, 0, -30712)
(23.04063630104065, 0, 0, 0)
(23.081631183624268, 3, 0, -31740)
(23.11755084991455, 0, 0, 0)
(23.158509016036987, 3, 0, -32511)
(23.199517250061035, 0, 0, 0)
(23.240490913391113, 3, 0, -32768)
(23.27635931968689, 0, 0, 0)
(23.317296504974365, 3, 0, -29170)
(23.35827612876892, 0, 0, 0)
(23.394272565841675, 3, 0, -26857)
(23.430129289627075, 0, 0, 0)
(23.471080780029297, 3, 0, -23516)
(23.506915807724, 0, 0, 0)
(23.542783975601196, 3, 0, -19661)
(23.57857918739319, 0, 0, 0)
(23.61961317062378, 3, 0, -15549)
(23.66055202484131, 0, 0, 0)
(23.69640326499939, 3, 0, -11694)
(23.73226261138916, 0, 0, 0)
(23.768178701400757, 3, 0, -8096)
(23.809267282485962, 0, 0, 0)
(23.84518599510193, 3, 1, 385)
(23.88107419013977, 0, 0, 0)
(23.911947011947632, 3, 0, -5269)
(23.95802640914917, 0, 0, 0)
(23.993916749954224, 3, 1, 128)
(24.02974843978882, 0, 0, 0)
(24.065555095672607, 3, 0, -2956)
(24.101375102996826, 3, 1, -129)
(24.142281532287598, 0, 0, 0)
(24.183191299438477, 3, 0, -1157)
(24.229230403900146, 0, 0, 0)
(24.275272607803345, 3, 0, -129)
(24.311259984970093, 0, 0, 0)
(24.347270488739014, 3, 0, 128)
(24.383092880249023, 0, 0, 0)
(24.424036502838135, 0, 3, 0)
(24.459921836853027, 0, 0, 0)
(24.50086808204651, 3, 0, 7067)
(24.536744356155396, 0, 0, 0)
(24.57261824607849, 3, 0, 3212)
(24.613685846328735, 0, 0, 0)
(24.649535655975342, 3, 0, -386)
(24.685362339019775, 0, 0, 0)
(24.721269845962524, 1, 307, 0)
(24.757127285003662, 0, 0, 0)
(25.939958810806274, 3, 0, 2441)
(25.981062650680542, 0, 0, 0)
(26.02721118927002, 3, 0, 4754)
(26.07330894470215, 0, 0, 0)
(26.1244637966156, 3, 0, 7581)
(26.16031575202942, 0, 0, 0)
(26.20129418373108, 3, 0, 11436)
(26.237176656723022, 0, 0, 0)
(26.273113012313843, 3, 0, 15548)
(26.309130668640137, 0, 0, 0)
(26.350275993347168, 3, 0, 19403)
(26.386180877685547, 0, 0, 0)
(26.42204999923706, 3, 0, 23258)
(26.457923889160156, 0, 0, 0)
(26.49384307861328, 3, 0, 26599)
(26.534806489944458, 0, 0, 0)
(26.57062554359436, 3, 0, 29169)
(26.61161231994629, 0, 0, 0)
(26.647453784942627, 3, 0, 31225)
(26.693668365478516, 0, 0, 0)
(26.729477882385254, 3, 0, 32253)
(26.765410661697388, 0, 0, 0)
(26.80645203590393, 3, 0, 32767)
(26.8424015045166, 0, 0, 0)
(26.883498907089233, 1, 305, 1)
(26.924696683883667, 0, 0, 0)
(26.96576976776123, 1, 305, 0)
(27.001683473587036, 0, 0, 0)
(27.415902853012085, 1, 305, 1)
(27.456835508346558, 0, 0, 0)
(27.543915271759033, 1, 305, 0)
(27.5849666595459, 0, 0, 0)
(27.659945011138916, 3, 0, 30711)
(27.700961589813232, 0, 0, 0)
(27.741923809051514, 3, 0, 28912)
(27.777761697769165, 0, 0, 0)
(27.8138644695282, 3, 0, 26856)
(27.85486650466919, 0, 0, 0)
(27.89586591720581, 3, 0, 24286)
(27.931957244873047, 0, 0, 0)
(27.967913389205933, 3, 0, 21202)
(28.008897066116333, 0, 0, 0)
(28.049875736236572, 3, 0, 17604)
(28.090840578079224, 0, 0, 0)
(28.126688480377197, 3, 0, 13749)
(28.167678833007812, 0, 0, 0)
(28.208720207214355, 3, 0, 10408)
(28.24475646018982, 0, 0, 0)
(28.275696754455566, 3, 0, 7324)
(28.31166911125183, 0, 0, 0)
(28.352720737457275, 3, 0, 5011)
(28.38855814933777, 0, 0, 0)
(28.42954730987549, 3, 0, 2955)
(28.480706214904785, 0, 0, 0)
(28.521687030792236, 3, 0, 1670)
(28.557564735412598, 0, 0, 0)
(28.598552703857422, 3, 0, 642)
(28.634441375732422, 0, 0, 0)
(28.670342445373535, 3, 0, 128)
(28.71130347251892, 0, 0, 0)
(28.747276067733765, 3, 0, 3469)
(28.783177375793457, 0, 0, 0)
(28.819019317626953, 3, 0, 6039)
(28.86003017425537, 0, 0, 0)
(28.895899772644043, 3, 0, 8866)
(28.942104816436768, 0, 0, 0)
(28.98319959640503, 3, 0, 12464)
(29.019110679626465, 0, 0, 0)
(29.060179710388184, 3, 0, 16576)
(29.09610342979431, 0, 0, 0)
(29.111663818359375, 3, 0, 20431)
(29.147735118865967, 0, 0, 0)
(29.184050798416138, 3, 0, 24029)
(29.219959497451782, 0, 0, 0)
(29.261046409606934, 3, 0, 26856)
(29.296971082687378, 0, 0, 0)
(29.338297605514526, 3, 0, 29169)
(29.384400367736816, 0, 0, 0)
(29.425414562225342, 3, 0, 30968)
(29.461384296417236, 0, 0, 0)
(29.502318143844604, 3, 0, 31996)
(29.543412685394287, 0, 0, 0)
(29.579221487045288, 3, 0, 32767)
(29.62031888961792, 0, 0, 0)
(29.656234979629517, 1, 305, 1)
(29.692164421081543, 0, 0, 0)
(29.738276958465576, 1, 305, 0)
(29.77419638633728, 0, 0, 0)
(29.810080766677856, 3, 0, 30197)
(29.845927476882935, 0, 0, 0)
(29.882032871246338, 3, 0, 27884)
(29.928141832351685, 0, 0, 0)
(29.96916913986206, 3, 0, 24800)
(30.00503182411194, 0, 0, 0)
(30.046060800552368, 3, 0, 20945)
(30.081949710845947, 0, 0, 0)
(30.12291669845581, 3, 0, 17090)
(30.158889770507812, 0, 0, 0)
(30.199905395507812, 3, 0, 12978)
(30.2256977558136, 0, 0, 0)
(30.225964307785034, 3, 0, 9123)
(30.266932487487793, 0, 0, 0)
(30.30793833732605, 3, 0, 5782)
(30.34385085105896, 0, 0, 0)
(30.379735469818115, 3, 0, 3212)
(30.421205282211304, 0, 0, 0)
(30.457168102264404, 3, 0, 1413)
(30.49805450439453, 0, 0, 0)
(30.53410792350769, 3, 0, 128)
(30.5750732421875, 0, 0, 0)
(30.616127729415894, 3, 1, 1927)
(30.65200901031494, 0, 0, 0)
(30.68795347213745, 3, 1, 3726)
(30.72387957572937, 0, 0, 0)
(30.759877681732178, 3, 1, 6296)
(30.795777797698975, 0, 0, 0)
(30.83167576789856, 3, 0, 2441)
(30.867700576782227, 0, 0, 0)
(30.9088397026062, 3, 1, 9380)
(30.94989585876465, 0, 0, 0)
(30.99098300933838, 3, 0, 3726)
(31.026909351348877, 0, 0, 0)
(31.062748193740845, 3, 1, 13492)
(31.108789205551147, 0, 0, 0)
(31.144773960113525, 3, 0, 5268)
(31.18578791618347, 0, 0, 0)
(31.226804971694946, 3, 1, 17604)
(31.262758493423462, 0, 0, 0)
(31.304006099700928, 3, 0, 6553)
(31.34543514251709, 0, 0, 0)
(31.381430864334106, 3, 1, 21459)
(31.41729712486267, 0, 0, 0)
(31.45333480834961, 3, 0, 7838)
(31.489277362823486, 0, 0, 0)
(31.5251522064209, 3, 1, 25057)
(31.56611180305481, 0, 0, 0)
(31.602110624313354, 3, 0, 8609)
(31.64317774772644, 0, 0, 0)
(31.679035663604736, 3, 1, 27884)
(31.72522234916687, 0, 0, 0)
(31.76104474067688, 3, 0, 9123)
(31.79696011543274, 3, 1, 30197)
(31.843034982681274, 0, 0, 0)
(31.878995656967163, 3, 1, 31996)
(31.9150652885437, 0, 0, 0)
(31.95098090171814, 3, 1, 32767)
(31.986926078796387, 0, 0, 0)
(32.02813482284546, 3, 0, 6810)
(32.064125061035156, 0, 0, 0)
(32.09999132156372, 3, 0, 5782)
(32.13586449623108, 0, 0, 0)
(32.176862478256226, 3, 0, 4754)
(32.21784734725952, 0, 0, 0)
(32.258795976638794, 3, 0, 3983)
(32.294739961624146, 0, 0, 0)
(32.330607652664185, 3, 0, 3212)
(32.366565465927124, 0, 0, 0)
(32.40757894515991, 3, 0, 2441)
(32.448609590530396, 0, 0, 0)
(32.48448896408081, 3, 0, 1670)
(32.520392656326294, 0, 0, 0)
(32.561416149139404, 3, 0, 1156)
(32.602487087249756, 0, 0, 0)
(32.63849878311157, 3, 0, 899)
(32.67450189590454, 0, 0, 0)
(32.715455293655396, 3, 0, 385)
(32.75649309158325, 0, 0, 0)
(32.79245400428772, 3, 0, 128)
(32.8283417224884, 0, 0, 0)
(32.86429214477539, 1, 305, 1)
(32.90021514892578, 0, 0, 0)
(32.93061971664429, 0, 3, 0)
(32.93082237243652, 0, 0, 0)
(32.931039571762085, 3, 0, 14777)
(32.931252241134644, 0, 0, 0)
(32.93146800994873, 3, 1, 25314)
(32.93166708946228, 0, 0, 0)
(32.93186593055725, 3, 0, 18889)
(32.93219232559204, 0, 0, 0)
(32.93237066268921, 3, 1, 21973)
(32.93254375457764, 0, 0, 0)
(32.93283247947693, 3, 0, 23001)
(32.93301558494568, 0, 0, 0)
(32.93319487571716, 3, 1, 18118)
(32.933374881744385, 0, 0, 0)
(32.93365240097046, 3, 0, 26342)
(32.933828830718994, 0, 0, 0)
(32.93400430679321, 3, 1, 14006)
(32.93417930603027, 0, 0, 0)
(32.934361696243286, 3, 0, 29169)
(32.93454647064209, 0, 0, 0)
(32.93474984169006, 3, 1, 10408)
(32.93496298789978, 0, 0, 0)
(32.93517065048218, 3, 0, 30968)
(32.93536114692688, 0, 0, 0)
(32.96109437942505, 3, 1, 7067)
(32.9971604347229, 0, 0, 0)
(33.043335914611816, 3, 0, 31996)
(33.08428144454956, 0, 0, 0)
(33.12551164627075, 3, 1, 4497)
(33.16140365600586, 0, 0, 0)
(33.2023401260376, 3, 0, 32767)
(33.24327254295349, 0, 0, 0)
(33.28429985046387, 3, 1, 2698)
(33.32022666931152, 0, 0, 0)
(33.36126732826233, 3, 1, 1413)
(33.402204513549805, 0, 0, 0)
(33.44351601600647, 3, 1, 642)
(33.47936701774597, 0, 0, 0)
(33.5152223110199, 3, 1, 385)
(33.55626940727234, 0, 0, 0)
(33.592217206954956, 3, 1, 128)
(33.6280562877655, 0, 0, 0)
(33.674070835113525, 3, 1, -129)
(33.70993971824646, 0, 0, 0)
(33.745875120162964, 1, 307, 1)
(33.78185796737671, 0, 0, 0)
(33.81773352622986, 3, 0, 26856)
(33.85887002944946, 0, 0, 0)
(33.89480423927307, 3, 0, 22744)
(33.930984020233154, 0, 0, 0)
(33.966917514801025, 3, 0, 18632)
(34.00801753997803, 0, 0, 0)
(34.043866872787476, 3, 0, 14520)
(34.084796667099, 0, 0, 0)
(34.12571716308594, 3, 0, 10408)
(34.16669297218323, 0, 0, 0)
(34.20265221595764, 3, 0, 6296)
(34.24370360374451, 0, 0, 0)
(34.279560565948486, 3, 0, 2184)
(34.32056903839111, 0, 0, 0)
(34.36698818206787, 3, 0, -386)
(34.407881021499634, 0, 0, 0)
(34.4438111782074, 1, 307, 0)
(34.47970008850098, 0, 0, 0)
(34.520777463912964, 3, 0, 2184)
(34.561692237854004, 0, 0, 0)
(34.597684144973755, 3, 0, 3726)
(34.6335654258728, 0, 0, 0)
(34.66941452026367, 3, 0, 5782)
(34.71039700508118, 0, 0, 0)
(34.746333360672, 3, 0, 8352)
(34.78241562843323, 0, 0, 0)
(34.823529958724976, 3, 0, 11436)
(34.859538078308105, 0, 0, 0)
(34.895397424697876, 3, 0, 15034)
(34.91616177558899, 0, 0, 0)
(34.93163776397705, 3, 0, 18889)
(34.96744966506958, 0, 0, 0)
(35.00354051589966, 3, 0, 22230)
(35.03944420814514, 0, 0, 0)
(35.07538056373596, 3, 0, 25314)
(35.11634039878845, 0, 0, 0)
(35.15222096443176, 3, 0, 27884)
(35.19834518432617, 0, 0, 0)
(35.23437476158142, 3, 0, 29683)
(35.275537729263306, 0, 0, 0)
(35.311400413513184, 3, 0, 31225)
(35.35233116149902, 0, 0, 0)
(35.388163328170776, 3, 0, 32253)
(35.42410683631897, 0, 0, 0)
(35.460057735443115, 3, 0, 32767)
(35.50107979774475, 0, 0, 0)
(35.54709577560425, 3, 1, -386)
(35.59321165084839, 0, 0, 0)
(35.62923836708069, 3, 0, 29426)
(35.670188665390015, 0, 0, 0)
(35.706193923950195, 3, 0, 27370)
(35.74211549758911, 0, 0, 0)
(35.77793765068054, 3, 0, 24286)
(35.81397223472595, 0, 0, 0)
(35.84999895095825, 3, 0, 20431)
(35.90122747421265, 0, 0, 0)
(35.942402839660645, 3, 0, 16319)
(35.978328704833984, 0, 0, 0)
(36.014254093170166, 3, 0, 12207)
(36.060346603393555, 0, 0, 0)
(36.10128617286682, 3, 0, 8609)
(36.14225625991821, 0, 0, 0)
(36.17808485031128, 3, 0, 5525)
(36.21399641036987, 0, 0, 0)
(36.26007795333862, 3, 0, 3212)
(36.30106043815613, 0, 0, 0)
(36.33705449104309, 3, 0, 1413)
(36.37299823760986, 0, 0, 0)
(36.409072399139404, 3, 0, 128)
(36.450018644332886, 0, 0, 0)
(36.48585104942322, 1, 311, 1)
(36.52173662185669, 0, 0, 0)
(36.55753779411316, 1, 311, 0)
(36.593382358551025, 0, 0, 0)
(36.63437247276306, 3, 0, -129)
(36.67036318778992, 0, 0, 0)
(36.706294536590576, 3, 0, -386)
(36.74729371070862, 0, 0, 0)
(36.78312277793884, 3, 0, -1157)
(36.82401442527771, 0, 0, 0)
(36.86514449119568, 3, 0, -2185)
(36.90100312232971, 0, 0, 0)
(36.9420804977417, 3, 0, -3727)
(36.97793984413147, 0, 0, 0)
(37.01892614364624, 3, 0, -5526)
(37.054895639419556, 0, 0, 0)
(37.09602332115173, 3, 0, -7839)
(37.14211082458496, 0, 0, 0)
(37.17805290222168, 3, 0, -10409)
(37.213993310928345, 0, 0, 0)
(37.24982953071594, 3, 0, -13493)
(37.29086208343506, 0, 0, 0)
(37.326870918273926, 3, 0, -16320)
(37.37299966812134, 0, 0, 0)
(37.414072036743164, 3, 0, -19404)
(37.455156087875366, 0, 0, 0)
(37.491100788116455, 3, 0, -22488)
(37.527101039886475, 0, 0, 0)
(37.5680935382843, 3, 0, -25058)
(37.60397171974182, 0, 0, 0)
(37.6400089263916, 3, 0, -27371)
(37.67593288421631, 0, 0, 0)
(37.71689176559448, 3, 0, -29170)
(37.7527289390564, 0, 0, 0)
(37.79360795021057, 3, 0, -30712)
(37.82949733734131, 0, 0, 0)
(37.87064814567566, 3, 0, -31740)
(37.92190670967102, 0, 0, 0)
(37.952770471572876, 3, 0, -32511)
(37.99379539489746, 0, 0, 0)
(38.03468942642212, 3, 0, -32768)
(38.07061004638672, 0, 0, 0)
(38.10649371147156, 3, 0, -29684)
(38.152554512023926, 0, 0, 0)
(38.18881821632385, 3, 0, -27371)
(38.22980213165283, 0, 0, 0)
(38.26568245887756, 3, 0, -24287)
(38.30171465873718, 0, 0, 0)
(38.34778618812561, 3, 0, -20175)
(38.3837149143219, 0, 0, 0)
(38.419689416885376, 3, 0, -16063)
(38.45557403564453, 0, 0, 0)
(38.496638774871826, 3, 0, -11951)
(38.54273462295532, 0, 0, 0)
(38.57859516143799, 3, 0, -8353)
(38.61961054801941, 0, 0, 0)
(38.65547823905945, 3, 0, -5269)
(38.696412801742554, 0, 0, 0)
(38.73229384422302, 3, 0, -2699)
(38.77324151992798, 0, 0, 0)
(38.809123039245605, 3, 0, -900)
(38.850093364715576, 0, 0, 0)
(38.89111518859863, 3, 0, -129)
(38.927072525024414, 0, 0, 0)
(38.962937116622925, 3, 0, 128)
(38.99889922142029, 0, 0, 0)
(39.04495859146118, 3, 0, 642)
(39.08084487915039, 0, 0, 0)
(39.116750717163086, 3, 0, 1413)
(39.1526243686676, 0, 0, 0)
(39.18851017951965, 3, 0, 2698)
(39.22447085380554, 0, 0, 0)
(39.26037240028381, 3, 0, 3983)
(39.301443338394165, 0, 0, 0)
(39.34247088432312, 3, 0, 5782)
(39.37846493721008, 0, 0, 0)
(39.414347887039185, 3, 0, 7838)
(39.45032739639282, 0, 0, 0)
(39.48617386817932, 3, 0, 9894)
(39.52721977233887, 0, 0, 0)
(39.563085079193115, 3, 0, 12207)
(39.599053621292114, 0, 0, 0)
(39.63487100601196, 3, 0, 14520)
(39.67589259147644, 0, 0, 0)
(39.72191596031189, 0, 3, 0)
(39.75787568092346, 0, 0, 0)
(39.7937285900116, 3, 0, -9638)
(39.83467197418213, 0, 0, 0)
(39.87066698074341, 3, 1, 1413)
(39.916757583618164, 0, 0, 0)
(39.95781064033508, 3, 0, -12979)
(39.993812084198, 0, 0, 0)
(40.02969264984131, 3, 1, 1927)
(40.06562542915344, 0, 0, 0)
(40.101563930511475, 3, 0, -16577)
(40.137500286102295, 0, 0, 0)
(40.1734299659729, 3, 1, 2441)
(40.21947884559631, 0, 0, 0)
(40.26049852371216, 3, 0, -20175)
(40.311686754226685, 0, 0, 0)
(40.35274291038513, 3, 1, 2955)
(40.38879680633545, 0, 0, 0)
(40.42476940155029, 3, 0, -23516)
(40.460700273513794, 0, 0, 0)
(40.49653959274292, 3, 1, 3212)
(40.53743004798889, 0, 0, 0)
(40.58352255821228, 3, 0, -26343)
(40.61950445175171, 0, 0, 0)
(40.655454874038696, 3, 1, 3726)
(40.69131517410278, 0, 0, 0)
(40.727115869522095, 3, 0, -28656)
(40.76291298866272, 0, 0, 0)
(40.80896711349487, 3, 0, -30455)
(40.84991002082825, 0, 0, 0)
(40.885823488235474, 3, 1, 3983)
(40.94209432601929, 0, 0, 0)
(40.97796702384949, 3, 0, -31740)
(41.02409791946411, 0, 0, 0)
(41.065258502960205, 3, 0, -32768)
(41.106297969818115, 0, 0, 0)
(41.1423065662384, 3, 1, 4240)
(41.17814493179321, 0, 0, 0)
(41.21914196014404, 3, 1, 4497)
(41.25499653816223, 0, 0, 0)
(41.29100513458252, 3, 1, 4754)
(41.32693099975586, 0, 0, 0)
(41.36287474632263, 1, 305, 1)
(41.39892530441284, 0, 0, 0)
(41.43482780456543, 1, 305, 0)
(41.47071647644043, 0, 0, 0)
(41.50657868385315, 1, 305, 1)
(41.54253578186035, 0, 0, 0)
(41.57844519615173, 1, 305, 0)
(41.624547243118286, 0, 0, 0)
(41.66564416885376, 1, 305, 1)
(41.701520919799805, 0, 0, 0)
(41.73751616477966, 1, 305, 0)
(41.77338767051697, 0, 0, 0)
(41.814456939697266, 3, 1, 2698)
(41.850327014923096, 0, 0, 0)
(41.88615369796753, 3, 1, 2441)
(41.93227481842041, 0, 0, 0)
(41.9681601524353, 1, 305, 1)
(42.00408053398132, 0, 0, 0)
(42.0451545715332, 1, 305, 0)
(42.0810809135437, 0, 0, 0)
(42.117016553878784, 3, 1, 2184)
(42.152926206588745, 0, 0, 0)
(42.18883204460144, 1, 305, 1)
(42.224796772003174, 0, 0, 0)
(42.26079344749451, 1, 305, 0)
(42.30183744430542, 0, 0, 0)
(42.348090171813965, 1, 305, 1)
(42.3839647769928, 0, 0, 0)
(42.41990280151367, 1, 305, 0)
(42.45586156845093, 0, 0, 0)
(43.031310081481934, 1, 305, 1)
(43.06728172302246, 0, 0, 0)
(43.191298961639404, 1, 305, 0)
(43.22722506523132, 0, 0, 0)
(43.51129484176636, 3, 1, 1927)
(43.5471727848053, 0, 0, 0)
(43.59323763847351, 3, 1, 1670)
(43.639243602752686, 0, 0, 0)
(43.67511224746704, 3, 1, 1413)
(43.7111759185791, 0, 0, 0)
(43.747092485427856, 3, 0, -29170)
(43.78811264038086, 0, 0, 0)
(43.823955059051514, 3, 1, 1156)
(43.85987639427185, 0, 0, 0)
(43.895817041397095, 3, 0, -26086)
(43.93186545372009, 0, 0, 0)
(43.97792434692383, 3, 1, 899)
(44.013787508010864, 0, 0, 0)
(44.050195932388306, 3, 0, -21974)
(44.08607530593872, 0, 0, 0)
(44.12712812423706, 3, 1, 642)
(44.173157691955566, 0, 0, 0)
(44.20909857749939, 3, 0, -17862)
(44.250065326690674, 0, 0, 0)
(44.291106939315796, 3, 1, 385)
(44.32707071304321, 0, 0, 0)
(44.36800503730774, 3, 0, -13750)
(44.409024715423584, 3, 1, 128)
(44.450035572052, 0, 0, 0)
(44.49098038673401, 3, 0, -9638)
(44.52690148353577, 0, 0, 0)
(44.56789946556091, 3, 1, -129)
(44.6038339138031, 0, 0, 0)
(44.64490556716919, 3, 0, -6040)
(44.6859917640686, 0, 0, 0)
(44.72711682319641, 3, 0, -3213)
(44.76812291145325, 0, 0, 0)
(44.809175968170166, 3, 0, -900)
(44.85025906562805, 0, 0, 0)
(44.891210079193115, 0, 3, 0)
(44.937360763549805, 0, 0, 0)
(44.973296880722046, 3, 1, 642)
(45.009358644485474, 0, 0, 0)
(45.045326709747314, 3, 1, 128)
(45.081215381622314, 0, 0, 0)
(45.117167711257935, 3, 1, -129)
(45.15820646286011, 0, 0, 0)
(45.19413352012634, 3, 1, -643)
(45.235079765319824, 0, 0, 0)
(45.27106761932373, 3, 1, -1414)
(45.312081813812256, 0, 0, 0)
(45.347920417785645, 3, 1, -1671)
(45.38891649246216, 0, 0, 0)
(45.424954414367676, 3, 0, -28399)
(45.46097755432129, 0, 0, 0)
(45.49692964553833, 3, 0, -23259)
(45.52275824546814, 0, 0, 0)
(45.522976875305176, 3, 0, -19661)
(45.55370783805847, 0, 0, 0)
(45.594642162323, 3, 0, -15549)
(45.635621070861816, 0, 0, 0)
(45.66664695739746, 3, 0, -11437)
(45.70261859893799, 0, 0, 0)
(45.74360251426697, 3, 0, -7325)
(45.78971576690674, 0, 0, 0)
(45.82561492919922, 3, 0, -3213)
(45.86663293838501, 0, 0, 0)
(45.90253448486328, 3, 0, 385)
(45.94865417480469, 0, 0, 0)
(45.98448419570923, 1, 307, 0)
(46.020368814468384, 0, 0, 0)
(46.061355113983154, 3, 0, -1671)
(46.09731435775757, 0, 0, 0)
(46.13837385177612, 3, 0, -2699)
(46.17431616783142, 0, 0, 0)
(46.21017026901245, 3, 0, -4241)
(46.2460720539093, 0, 0, 0)
(46.28209114074707, 3, 0, -6297)
(46.31799554824829, 0, 0, 0)
(46.354053020477295, 3, 0, -8610)
(46.389973402023315, 0, 0, 0)
(46.4260687828064, 3, 0, -11694)
(46.46702456474304, 0, 0, 0)
(46.50304937362671, 3, 0, -15035)
(46.53900170326233, 0, 0, 0)
(46.57508683204651, 3, 0, -18633)
(46.61091947555542, 0, 0, 0)
(46.65691781044006, 3, 0, -21974)
(46.693023443222046, 0, 0, 0)
(46.72893500328064, 3, 0, -25058)
(46.76489019393921, 0, 0, 0)
(46.80582308769226, 3, 0, -27628)
(46.84677720069885, 0, 0, 0)
(46.88262987136841, 3, 0, -29684)
(46.91867685317993, 0, 0, 0)
(46.95972156524658, 3, 0, -31483)
(46.99563407897949, 0, 0, 0)
(47.03141665458679, 3, 0, -32511)
(47.06729865074158, 0, 0, 0)
(47.10323786735535, 3, 0, -32768)
(47.14427065849304, 0, 0, 0)
(47.185161113739014, 1, 305, 1)
(47.221057176589966, 0, 0, 0)
(47.256930351257324, 1, 305, 0)
(47.29298543930054, 0, 0, 0)
(47.3339319229126, 3, 1, 385)
(47.36978244781494, 0, 0, 0)
(47.41082763671875, 3, 1, 899)
(47.45177912712097, 0, 0, 0)
(47.49268865585327, 3, 1, 1670)
(47.528584718704224, 0, 0, 0)
(47.56449055671692, 3, 1, 2698)
(47.60028147697449, 0, 0, 0)
(47.63613533973694, 3, 1, 4240)
(47.67197823524475, 0, 0, 0)
(47.70784616470337, 3, 1, 6296)
(47.753886461257935, 0, 0, 0)
(47.7948157787323, 3, 1, 8609)
(47.835888147354126, 0, 0, 0)
(47.871739864349365, 3, 1, 10922)
(47.912784814834595, 0, 0, 0)
(47.953789710998535, 3, 1, 13492)
(47.99469995498657, 0, 0, 0)
(48.030537366867065, 3, 1, 15805)
(48.066484689712524, 0, 0, 0)
(48.10744786262512, 3, 0, -30198)
(48.1435387134552, 0, 0, 0)
(48.184449911117554, 3, 1, 17861)
(48.22045683860779, 0, 0, 0)
(48.261582374572754, 3, 0, -29427)
(48.297508239746094, 0, 0, 0)
(48.33333873748779, 3, 1, 19660)
(48.37425994873047, 0, 0, 0)
(48.41015076637268, 3, 0, -28399)
(48.45115351676941, 0, 0, 0)
(48.49206233024597, 3, 1, 21202)
(48.533036947250366, 0, 0, 0)
(48.5688841342926, 3, 0, -27371)
(48.61000061035156, 0, 0, 0)
(48.64599132537842, 3, 1, 22487)
(48.68189525604248, 0, 0, 0)
(48.722912311553955, 3, 0, -26600)
(48.7639000415802, 0, 0, 0)
(48.80494976043701, 3, 1, 23515)
(48.84092950820923, 0, 0, 0)
(48.87677359580994, 3, 0, -26086)
(48.91276407241821, 0, 0, 0)
(48.948697090148926, 3, 1, 24029)
(48.98453426361084, 0, 0, 0)
(49.02045035362244, 3, 0, -25572)
(49.056349754333496, 0, 0, 0)
(49.097259521484375, 3, 1, 24543)
(49.138209104537964, 0, 0, 0)
(49.174134731292725, 3, 0, -25058)
(49.21006488800049, 0, 0, 0)
(49.24595785140991, 3, 1, 24800)
(49.28193974494934, 0, 0, 0)
(49.32292437553406, 3, 0, -24801)
(49.36396884918213, 0, 0, 0)
(49.40516662597656, 3, 1, 25314)
(49.44619703292847, 0, 0, 0)
(49.48729062080383, 3, 0, -24544)
(49.52326679229736, 0, 0, 0)
(49.559200286865234, 3, 1, 25571)
(49.59514808654785, 0, 0, 0)
(49.636215686798096, 3, 0, -24287)
(49.67225790023804, 0, 0, 0)
(49.70822548866272, 1, 305, 1)
(49.74915885925293, 0, 0, 0)
(49.79012084007263, 0, 3, 0)
(49.826119899749756, 0, 0, 0)
(49.86203145980835, 3, 1, 1156)
(49.8978807926178, 0, 0, 0)
(49.938913106918335, 3, 1, 128)
(49.97476410865784, 0, 0, 0)
(50.01063346862793, 3, 1, -129)
(50.05154228210449, 0, 0, 0)
(50.087475061416626, 1, 307, 1)
(50.12333917617798, 0, 0, 0)
(50.15923047065735, 3, 1, -643)
(50.20032358169556, 0, 0, 0)
(50.23635387420654, 3, 1, -1671)
(50.27235794067383, 0, 0, 0)
(50.30828619003296, 3, 1, -2956)
(50.344303607940674, 0, 0, 0)
(50.38037323951721, 3, 1, -5012)
(50.416348695755005, 0, 0, 0)
(50.457343101501465, 3, 1, -7582)
(50.498364210128784, 0, 0, 0)
(50.5343918800354, 1, 307, 0)
(50.57030248641968, 3, 1, -10152)
(50.6112961769104, 0, 0, 0)
(50.64724516868591, 3, 0, -28656)
(50.68310236930847, 0, 0, 0)
(50.718931436538696, 3, 0, -23773)
(50.75492000579834, 0, 0, 0)
(50.79088282585144, 3, 0, -19661)
(50.831971883773804, 0, 0, 0)
(50.878014087677, 3, 0, -15549)
(50.91406488418579, 0, 0, 0)
(50.955079078674316, 3, 0, -11437)
(50.996004819869995, 0, 0, 0)
(51.031893730163574, 3, 1, -7068)
(51.06776452064514, 0, 0, 0)
(51.108763694763184, 3, 0, -7325)
(51.144657611846924, 0, 0, 0)
(51.190669536590576, 3, 1, -5012)
(51.22663974761963, 0, 0, 0)
(51.26767659187317, 3, 0, -3213)
(51.30350112915039, 0, 0, 0)
(51.344550371170044, 3, 1, -2185)
(51.390724897384644, 0, 0, 0)
(51.42665672302246, 3, 0, 385)
(51.46262311935425, 0, 0, 0)
(51.49873614311218, 3, 1, 128)
(51.560133934020996, 0, 0, 0)
(51.60109186172485, 3, 0, 899)
(51.63696050643921, 0, 0, 0)
(51.6728994846344, 3, 0, -1414)
(51.70881986618042, 0, 0, 0)
(51.749852418899536, 3, 0, -2699)
(51.79092478752136, 0, 0, 0)
(51.826900482177734, 3, 0, -4241)
(51.86277461051941, 0, 0, 0)
(51.89879584312439, 3, 0, -6297)
(51.93986654281616, 0, 0, 0)
(51.97578525543213, 3, 0, -8867)
(52.00661277770996, 0, 0, 0)
(52.04244875907898, 3, 0, -11694)
(52.07831835746765, 0, 0, 0)
(52.119341135025024, 3, 0, -14778)
(52.1554217338562, 0, 0, 0)
(52.19134783744812, 3, 0, -17862)
(52.22734355926514, 0, 0, 0)
(52.26341891288757, 3, 0, -21203)
(52.2993004322052, 0, 0, 0)
(52.335126638412476, 3, 0, -24030)
(52.37100672721863, 0, 0, 0)
(52.40692329406738, 3, 0, -26600)
(52.44289565086365, 0, 0, 0)
(52.47876596450806, 3, 0, -28656)
(52.514700174331665, 0, 0, 0)
(52.56069564819336, 3, 0, -30198)
(52.60685610771179, 0, 0, 0)
(52.64794611930847, 3, 0, -31483)
(52.6889111995697, 0, 0, 0)
(52.73003053665161, 3, 0, -32254)
(52.770992040634155, 0, 0, 0)
(52.80697202682495, 3, 0, -32768)
(52.85815072059631, 0, 0, 0)
(52.89919996261597, 1, 311, 1)
(52.93342423439026, 0, 0, 0)
(52.97458863258362, 1, 311, 0)
(53.010542154312134, 0, 0, 0)
(53.051515102386475, 3, 0, -30455)
(53.09262824058533, 0, 0, 0)
(53.1285240650177, 3, 0, -28399)
(53.16434073448181, 0, 0, 0)
(53.20028638839722, 3, 0, -25829)
(53.24132823944092, 0, 0, 0)
(53.282323122024536, 3, 0, -22488)
(53.31815195083618, 0, 0, 0)
(53.353989124298096, 3, 0, -18376)
(53.39494585990906, 0, 0, 0)
(53.430787801742554, 3, 0, -14264)
(53.46663165092468, 0, 0, 0)
(53.507598638534546, 3, 0, -10409)
(53.54357433319092, 0, 0, 0)
(53.58457827568054, 3, 0, -7325)
(53.62560200691223, 0, 0, 0)
(53.65642070770264, 3, 0, -4498)
(53.69240975379944, 0, 0, 0)
(53.728259325027466, 3, 0, -2185)
(53.76918292045593, 0, 0, 0)
(53.81010556221008, 3, 0, -900)
(53.84599566459656, 0, 0, 0)
(53.88187766075134, 3, 0, -129)
(53.9433217048645, 0, 0, 0)
(53.98428988456726, 3, 0, 128)
(54.0201370716095, 0, 0, 0)
(54.06109571456909, 3, 0, -1928)
(54.102123737335205, 0, 0, 0)
(54.13801574707031, 3, 0, -3470)
(54.17387056350708, 0, 0, 0)
(54.21486711502075, 3, 0, -5783)
(54.25070571899414, 0, 0, 0)
(54.28656053543091, 3, 0, -8610)
(54.33273506164551, 0, 0, 0)
(54.37366223335266, 3, 0, -12208)
(54.40954113006592, 0, 0, 0)
(54.44544959068298, 3, 0, -16320)
(54.48146724700928, 0, 0, 0)
(54.52238368988037, 3, 0, -20175)
(54.558504819869995, 0, 0, 0)
(54.599581241607666, 3, 0, -23773)
(54.6354501247406, 0, 0, 0)
(54.67642569541931, 3, 0, -26857)
(54.71223497390747, 0, 0, 0)
(54.75318479537964, 3, 0, -29170)
(54.789000272750854, 0, 0, 0)
(54.824989557266235, 3, 0, -31226)
(54.86593532562256, 0, 0, 0)
(54.902055501937866, 3, 0, -32254)
(54.94314193725586, 0, 0, 0)
(54.9791796207428, 3, 0, -32768)
(55.02527618408203, 0, 0, 0)
(55.061254024505615, 1, 311, 1)
(55.10227084159851, 0, 0, 0)
(55.14334511756897, 1, 311, 0)
(55.17929673194885, 0, 0, 0)
(55.21532607078552, 3, 0, -30712)
(55.25119066238403, 0, 0, 0)
(55.29212808609009, 3, 0, -29427)
(55.32796621322632, 0, 0, 0)
(55.368937253952026, 3, 0, -27628)
(55.40492296218872, 0, 0, 0)
(55.44598650932312, 3, 0, -25058)
(55.4819438457489, 0, 0, 0)
(55.528018951416016, 3, 0, -22231)
(55.574108362197876, 0, 0, 0)
(55.61518359184265, 3, 0, -18890)
(55.65109372138977, 0, 0, 0)
(55.69204497337341, 3, 0, -15035)
(55.72794318199158, 0, 0, 0)
(55.76385569572449, 3, 0, -11437)
(55.804941177368164, 0, 0, 0)
(55.840935707092285, 3, 0, -8353)
(55.87675929069519, 0, 0, 0)
(55.91261172294617, 3, 0, -5783)
(55.96495461463928, 0, 0, 0)
(56.00083684921265, 3, 0, -3470)
(56.036781787872314, 0, 0, 0)
(56.07269525527954, 3, 0, -1671)
(56.10856890678406, 0, 0, 0)
(56.1445209980011, 3, 0, -643)
(56.1805100440979, 0, 0, 0)
(56.216434478759766, 3, 0, 128)
(56.257441997528076, 0, 0, 0)
(56.29912233352661, 3, 0, -2185)
(56.340230226516724, 0, 0, 0)
(56.37606596946716, 3, 0, -2956)
(56.41707372665405, 0, 0, 0)
(56.45809292793274, 3, 0, -4241)
(56.49911832809448, 0, 0, 0)
(56.534960985183716, 3, 0, -5526)
(56.5708281993866, 0, 0, 0)
(56.60668635368347, 3, 0, -7068)
(56.64779734611511, 0, 0, 0)
(56.68375778198242, 3, 0, -8610)
(56.7247154712677, 0, 0, 0)
(56.76059699058533, 3, 0, -10409)
(56.796435594558716, 0, 0, 0)
(56.837440967559814, 3, 0, -12722)
(56.87842512130737, 0, 0, 0)
(56.914570331573486, 3, 0, -15292)
(56.96567106246948, 0, 0, 0)
(57.00154256820679, 3, 0, -17862)
(57.04761505126953, 0, 0, 0)
(57.083433389663696, 3, 0, -20689)
(57.11938428878784, 0, 0, 0)
(57.160322427749634, 3, 0, -23516)
(57.19616651535034, 0, 0, 0)
(57.23211121559143, 3, 0, -26086)
(57.273242473602295, 0, 0, 0)
(57.30916380882263, 3, 0, -28142)
(57.34517478942871, 0, 0, 0)
(57.38107395172119, 3, 0, -29941)
(57.41696619987488, 0, 0, 0)
(57.452927112579346, 3, 0, -31483)
(57.48874878883362, 0, 0, 0)
(57.52967071533203, 3, 0, -32511)
(57.56554388999939, 0, 0, 0)
(57.606565713882446, 3, 0, -32768)
(57.642454862594604, 0, 0, 0)
(57.678406953811646, 1, 311, 1)
(57.71436810493469, 0, 0, 0)
(57.75025653839111, 1, 311, 0)
(57.78610444068909, 0, 0, 0)
(57.83221650123596, 3, 0, -29941)
(57.86812877655029, 0, 0, 0)
(57.909332513809204, 3, 0, -27885)
(57.95562481880188, 0, 0, 0)
(57.991636991500854, 3, 0, -25315)
(58.03267312049866, 0, 0, 0)
(58.06856608390808, 3, 0, -21974)
(58.10460329055786, 0, 0, 0)
(58.14047956466675, 3, 0, -17862)
(58.18140244483948, 0, 0, 0)
(58.21722960472107, 3, 0, -14007)
(58.26327157020569, 0, 0, 0)
(58.299171924591064, 3, 0, -10152)
(58.34021067619324, 0, 0, 0)
(58.38629341125488, 3, 0, -7068)
(58.4221248626709, 0, 0, 0)
(58.463693380355835, 3, 0, -4498)
(58.504668951034546, 0, 0, 0)
(58.545637369155884, 3, 0, -2185)
(58.58152198791504, 0, 0, 0)
(58.622588872909546, 3, 0, -900)
(58.66375756263733, 0, 0, 0)
(58.70478391647339, 3, 0, -129)
(58.745744705200195, 0, 0, 0)
(58.7816686630249, 3, 0, 128)
(58.817590951919556, 0, 0, 0)
(58.85861849784851, 3, 0, -2185)
(58.89446568489075, 0, 0, 0)
(58.93552041053772, 3, 0, -4241)
(58.97145128250122, 0, 0, 0)
(59.00736689567566, 3, 0, -7068)
(59.04329061508179, 0, 0, 0)
(59.07916855812073, 3, 0, -10409)
(59.11511278152466, 0, 0, 0)
(59.15602421760559, 3, 0, -14521)
(59.19190001487732, 0, 0, 0)
(59.22781181335449, 3, 0, -18633)
(59.27901911735535, 0, 0, 0)
(59.31499195098877, 3, 0, -22745)
(59.350908517837524, 0, 0, 0)
(59.391939640045166, 3, 0, -26086)
(59.43298840522766, 0, 0, 0)
(59.4688880443573, 3, 0, -28913)
(59.50988221168518, 0, 0, 0)
(59.55110502243042, 3, 0, -30969)
(59.597299337387085, 0, 0, 0)
(59.64361119270325, 3, 0, -32254)
(59.68473815917969, 0, 0, 0)
(59.72576546669006, 3, 0, -32768)
(59.76673746109009, 0, 0, 0)
(59.802631855010986, 1, 311, 1)
(59.83851337432861, 0, 0, 0)
(59.87449073791504, 1, 311, 0)
(59.91555714607239, 0, 0, 0)
(59.95655846595764, 0, 3, 0)
(59.99748945236206, 0, 0, 0)
(60.033400535583496, 3, 0, -5783)
(60.07446646690369, 0, 0, 0)
(60.115485191345215, 3, 0, -3213)
(60.15132260322571, 0, 0, 0)
(60.18733096122742, 3, 0, -1414)
(60.22323727607727, 0, 0, 0)
(60.26430010795593, 3, 0, -386)
(60.300169467926025, 0, 0, 0)
(60.33602428436279, 3, 0, 128)
(60.3820013999939, 0, 0, 0)
(60.41791605949402, 3, 0, -2956)
(60.453837394714355, 0, 0, 0)
(60.48969507217407, 3, 0, -5269)
(60.52582120895386, 0, 0, 0)
(60.566843032836914, 3, 0, -8353)
(60.60278081893921, 0, 0, 0)
(60.643733978271484, 3, 0, -12208)
(60.6795711517334, 0, 0, 0)
(60.715436697006226, 3, 0, -16320)
(60.75640654563904, 0, 0, 0)
(60.79242420196533, 3, 0, -20432)
(60.82838797569275, 0, 0, 0)
(60.86939287185669, 3, 0, -24030)
(60.91556763648987, 0, 0, 0)
(60.96164321899414, 3, 0, -27371)
(61.002650022506714, 0, 0, 0)
(61.04875111579895, 3, 0, -29684)
(61.08978080749512, 0, 0, 0)
(61.13081955909729, 3, 0, -31483)
(61.166693687438965, 0, 0, 0)
(61.20783042907715, 3, 0, -32511)
(61.2488169670105, 0, 0, 0)
(61.28978776931763, 3, 0, -32768)
(61.32574915885925, 0, 0, 0)
(61.37173390388489, 1, 311, 1)
(61.40775108337402, 0, 0, 0)
(61.45382761955261, 1, 311, 0)
(61.489694356918335, 0, 0, 0)
(61.52563762664795, 3, 0, -30198)
(61.56653428077698, 0, 0, 0)
(61.61269235610962, 3, 0, -28399)
(61.65374732017517, 0, 0, 0)
(61.68959188461304, 3, 0, -26343)
(61.73061776161194, 0, 0, 0)
(61.77191734313965, 3, 0, -23516)
(61.81290888786316, 0, 0, 0)
(61.84886407852173, 3, 0, -20175)
(61.889769077301025, 0, 0, 0)
(61.930823802948, 3, 0, -16577)
(61.966739892959595, 0, 0, 0)
(62.007683992385864, 3, 0, -12979)
(62.0435471534729, 0, 0, 0)
(62.079408168792725, 3, 0, -9638)
(62.115229845047, 0, 0, 0)
(62.15623760223389, 3, 0, -6811)
(62.20238280296326, 0, 0, 0)
(62.23837089538574, 3, 0, -4241)
(62.27441191673279, 0, 0, 0)
(62.31537985801697, 3, 0, -2185)
(62.35635709762573, 0, 0, 0)
(62.397409200668335, 3, 0, -900)
(62.433284521102905, 0, 0, 0)
(62.46918082237244, 3, 0, -129)
(62.51517128944397, 0, 0, 0)
(62.55108428001404, 3, 0, 128)
(62.58709192276001, 0, 0, 0)
(62.63318109512329, 3, 0, 385)
(62.674174308776855, 0, 0, 0)
(62.715118169784546, 3, 0, 1156)
(62.756142139434814, 0, 0, 0)
(62.797054290771484, 3, 0, 2698)
(62.832958936691284, 0, 0, 0)
(62.868789196014404, 3, 0, 4754)
(62.90471029281616, 0, 0, 0)
(62.946155071258545, 3, 0, 7838)
(62.98219895362854, 0, 0, 0)
(63.018190145492554, 3, 0, 11693)
(63.06417965888977, 0, 0, 0)
(63.10518026351929, 3, 0, 15805)
(63.141064405441284, 0, 0, 0)
(63.181979179382324, 3, 0, 19917)
(63.217851877212524, 0, 0, 0)
(63.25384473800659, 3, 0, 23515)
(63.29481267929077, 0, 0, 0)
(63.33585739135742, 3, 0, 26856)
(63.3869948387146, 0, 0, 0)
(63.42285084724426, 3, 0, 29426)
(63.458853006362915, 0, 0, 0)
(63.50497484207153, 3, 0, 31225)
(63.54082942008972, 0, 0, 0)
(63.58190298080444, 3, 0, 32510)
(63.6178252696991, 0, 0, 0)
(63.653594732284546, 3, 0, 32767)
(63.689565658569336, 0, 0, 0)
(63.72542715072632, 3, 0, 30711)
(63.76131010055542, 0, 0, 0)
(63.79719138145447, 3, 0, 28912)
(63.833001136779785, 0, 0, 0)
(63.868818521499634, 3, 0, 26599)
(63.90989398956299, 0, 0, 0)
(63.950918197631836, 3, 0, 23258)
(63.98695945739746, 0, 0, 0)
(64.03298473358154, 3, 0, 19403)
(64.06885933876038, 0, 0, 0)
(64.1149172782898, 3, 0, 15291)
(64.15083384513855, 0, 0, 0)
(64.19182920455933, 3, 0, 11179)
(64.23276162147522, 0, 0, 0)
(64.27883553504944, 3, 0, 7838)
(64.31491041183472, 0, 0, 0)
(64.3507387638092, 3, 0, 4754)
(64.39166259765625, 0, 0, 0)
(64.43758058547974, 3, 0, 2441)
(64.47342777252197, 0, 0, 0)
(64.51446032524109, 3, 0, 899)
(64.55034017562866, 0, 0, 0)
(64.5862467288971, 3, 0, 128)
(64.62716364860535, 0, 0, 0)
(64.66310381889343, 3, 0, 2184)
(64.69899082183838, 0, 0, 0)
(64.73488235473633, 3, 0, 3469)
(64.7758116722107, 0, 0, 0)
(64.8116455078125, 3, 0, 5268)
(64.84750771522522, 0, 0, 0)
(64.88331627845764, 3, 0, 7067)
(64.91924548149109, 0, 0, 0)
(64.95527935028076, 3, 0, 9637)
(64.99126696586609, 0, 0, 0)
(65.03231263160706, 3, 0, 12464)
(65.06828904151917, 0, 0, 0)
(65.11429452896118, 3, 0, 15034)
(65.15558886528015, 0, 0, 0)
(65.19161915779114, 3, 0, 17861)
(65.22748017311096, 0, 0, 0)
(65.26843976974487, 3, 0, 20945)
(65.30937504768372, 0, 0, 0)
(65.35031175613403, 3, 0, 23772)
(65.40154600143433, 0, 0, 0)
(65.43747997283936, 3, 0, 26342)
(65.45824313163757, 0, 0, 0)
(65.4584755897522, 3, 0, 28398)
(65.45869660377502, 0, 0, 0)
(65.45891952514648, 3, 0, 29940)
(65.45914316177368, 0, 0, 0)
(65.45938849449158, 3, 0, 31225)
(65.48505663871765, 0, 0, 0)
(65.52605676651001, 3, 0, 32253)
(65.56702780723572, 0, 0, 0)
(65.61310625076294, 3, 0, 32767)
(65.64914965629578, 0, 0, 0)
(65.69007086753845, 3, 1, 385)
(65.72607612609863, 0, 0, 0)
(65.76704144477844, 3, 0, 29940)
(65.80801558494568, 0, 0, 0)
(65.8440272808075, 3, 0, 27370)
(65.87982249259949, 0, 0, 0)
(65.91571712493896, 3, 0, 23515)
(65.96180748939514, 0, 0, 0)
(65.99775433540344, 3, 0, 19660)
(66.03371405601501, 0, 0, 0)
(66.06958651542664, 3, 0, 15548)
(66.11053371429443, 0, 0, 0)
(66.16164827346802, 3, 0, 11436)
(66.1975793838501, 0, 0, 0)
(66.24917578697205, 3, 0, 7581)
(66.3007926940918, 0, 0, 0)
(66.35203766822815, 3, 0, 4497)
(66.39833498001099, 0, 0, 0)
(66.42944431304932, 3, 0, 1927)
(66.48077416419983, 0, 0, 0)
(66.52235054969788, 3, 0, 128)
(66.56849217414856, 0, 0, 0)
(66.57711935043335, 1, 315, 1)
(66.57733726501465, 0, 0, 0)
(66.57753372192383, 1, 315, 0)
(66.57773900032043, 0, 0, 0)